25,1
25,3
26,1
26,3
27,3
37,35
3,2
3,1
3,3
10,258
10,254
10,268
10,144
10,122
10,210
10,162
10,1
10,218
10,2
10,3
11,25
11,6
11,16
11,24
11,5
11,14
11,1
11,18
11,2
11,3
9,7
9,4
9,1
9,6
9,2
9,3
8,18
8,14
8,9
8,5
8,7
8,17
8,8
8,1
8,6
8,2
8,3
12,2
12,1
12,3
20,2
20,1
20,3
19,2
19,1
19,3
18,1
18,3
14,3
13,1
13,3
2,2
2,1
2,3
36,7
36,6
36,5
36,4
36,3
36,2
36,1
36,0
35,5
35,4
35,3
35,2
35,1
35,0
34,6
34,5
34,4
34,3
34,2
34,1
34,0
33,4
33,3
33,2
33,1
33,0
32,8
32,7
32,6
32,5
32,4
32,3
32,2
32,1
32,0
31,5
31,4
31,3
31,2
31,1
31,0
30,4
30,3
